[
0.0
15.0
0.9271320104598999
0.48865413665771484
0.23808372020721436
0.734001636505127
0.6418540477752686
488.0
263.0
]
[
0.0
9.0
0.8031013607978821
0.34238123893737793
0.6933566331863403
0.7614911794662476
1.0072189569473267
441.0
510.0
]
[
0.0
11.0
0.7106292843818665
0.33849743008613586
0.6654255390167236
0.9615281820297241
1.0251103639602661
519.0
507.0
]
[
0.0
9.0
0.4665772616863251
0.476193904876709
0.8125883936882019
0.7378277778625488
1.000215768814087
485.0
543.0
]
[
0.0
9.0
0.34589675068855286
0.6365721821784973
0.45802563428878784
0.8530309796333313
0.9668048024177551
595.0
427.0
]
[
0.0
15.0
0.3078341484069824
0.5166106224060059
0.28796765208244324
0.7391812801361084
0.984123706817627
502.0
381.0
]
